0 1
6 1
12 8
18 8
24 8
30 8
36 8
42 8
48 8
54 8
60 81
66 8
72 8
78 8
84 8
90 8
96 8
102 8
108 4
114 9
120 9
126 9
132 9
138 9
144 9
150 9
156 9
162 9
168 8
174 8
180 8
186 8
192 8
198 8
204 8
210 8
216 8
222 82
228 82
234 80
240 80
246 80
252 80
258 4
264 9
270 9
276 9
282 9
288 9
294 9
300 9
306 9
312 9
318 9
324 9
330 9
336 9
342 9
348 9
354 9
360 9
366 9
372 8a
374 82
381 8a
383 82
390 8a
392 82
399 8a
401 82
408 8a
410 82
417 8a
419 82
426 8a
428 82
435 8a
437 82
436 82
444 8a
446 82
452 8a
454 82
460 8a
462 82
468 8a
470 82
476 8a
478 82
484 8a
486 82
492 8a
494 82
500 8a
502 82
508 8a
510 82
516 8a
518 82
524 8a
526 82
532 8a
534 82
540 8a
542 82
548 8a
550 82
558 8a
561 0
630 89
632 81
638 89
640 81
646 89
648 81
654 89
656 81
662 89
664 81
670 89
672 81
678 89
680 81
686 89
688 81
694 89
696 81
702 89
704 81
710 89
712 81
718 89
720 81
726 89
728 81
734 89
736 81
742 89
744 81
750 89
752 81
758 89
760 81
766 89
768 81
774 89
776 81
782 89
784 81
790 89
792 81
798 89
800 81
806 89
808 81
814 89
816 81
822 89
824 81
830 89
832 81
838 89
840 81
846 89
848 81
854 89
856 81
862 89
864 81
870 89
872 81
878 89
880 81
886 89
888 81
894 89
896 81
902 89
904 81
910 89
912 81
918 89
920 81
926 89
928 81
934 89
936 81
942 89
944 81
950 89
952 81
958 89
960 81
966 89
968 81
974 89
976 81
982 89
984 81
990 89
992 81
998 89
1000 81
1006 89
1008 81
1014 89
1016 81
1022 89
1024 81
1030 89
1032 81
1038 89
1040 81
1046 89
1048 81
1054 89
1056 81
1062 89
1064 81
1070 89
1072 81
1078 89
1080 81
1086 89
1088 81
1094 89
1096 81
1102 89
1104 81
1110 89
1112 81
